
Average Rouge Scores:
rouge1: 0.024113717552145864
rouge2: 0.001201923076923077
rougeL: 0.024113717552145864

Average Rouge Scores:
rouge1: 0.02427273670327065
rouge2: 0.0012077294685990338
rougeL: 0.023067917426162217

The rouge metrics compare an automatically produced summary against a human-produced reference summary.

 The higher the score, the better the model summarized the text.