
Durchschnittliche Rouge Scores:
rouge1: 0.024812514464063448
rouge2: 0.0012195121951219512
rougeL: 0.024812514464063448

Durchschnittliche Rouge Scores:
rouge1: 0.02373279223362775
rouge2: 0.003566533409480297
rougeL: 0.02373279223362775

Durchschnittliche Rouge Scores:
rouge1: 0.024045359699764797
rouge2: 0.001175088131609871
rougeL: 0.024045359699764797

Durchschnittliche Rouge Scores:
rouge1: 0.02471759708662829
rouge2: 0.001221001221001221
rougeL: 0.023499570290038768
